WARNING: for repeatability, setting FPU to use double precision
============================[ Problem Statistics ]=============================
|                                                                             |
|  Number of variables:          6113                                         |
|  Number of clauses:           48327                                         |
|  Parse time:                   0.02 s                                       |
|                                                                             |
============================[ Search Statistics ]==============================
| Conflicts |          ORIGINAL         |          LEARNT          | Progress |
|           |    Vars  Clauses Literals |    Limit  Clauses Lit/Cl |          |
===============================================================================
|       100 |    5731    42767   173046 |    15681      100      3 |  6.249 % |
|       250 |    5731    42767   173046 |    17249      250      4 |  6.249 % |
|       475 |    5731    42767   173046 |    18974      475      5 |  6.249 % |
|       812 |    5731    42767   173046 |    20871      812      5 |  6.249 % |
|      1318 |    5731    42767   173046 |    22958     1318      6 |  6.249 % |
|      2077 |    5731    42767   173046 |    25254     2077      8 |  6.249 % |
|      3216 |    5731    42767   173046 |    27780     3216      8 |  6.249 % |
|      4924 |    5731    42767   173046 |    30558     4924      9 |  6.249 % |
|      7486 |    5731    42767   173046 |    33614     7486     18 |  6.249 % |
|     11330 |    5731    42767   173046 |    36975    11330     19 |  6.249 % |
|     17096 |    5731    42767   173046 |    40673    17096     18 |  6.249 % |
|     25745 |    5731    42767   173046 |    44740    25745     19 |  6.249 % |
|     38719 |    5731    42767   173046 |    49214    38719     23 |  6.249 % |
|     58180 |    5731    42767   173046 |    54135    29410     37 |  6.249 % |
|     87372 |    5731    42767   173046 |    59549    27081     29 |  6.249 % |
|    131161 |    5731    42767   173046 |    65504    33921     26 |  6.249 % |
|    196845 |    5731    42767   173046 |    72054    59516     41 |  6.249 % |
|    295371 |    5731    42767   173046 |    79260    56360     33 |  6.249 % |
|    443160 |    5731    42767   173046 |    87186    27347     75 |  6.249 % |
|    664843 |    5731    42767   173046 |    95904    54210     33 |  6.249 % |
|    997368 |    5731    42767   173046 |   105495    28173     79 |  6.249 % |
|   1496156 |    5731    42767   173046 |   116045    40364     29 |  6.249 % |
|   2244338 |    5731    42767   173046 |   127649    59629    170 |  6.249 % |
|   3366612 |    5731    42767   173046 |   140414    74587     41 |  6.249 % |
|   5050023 |    5731    42767   173046 |   154455   108856    172 |  6.249 % |
|   7575139 |    5731    42767   173046 |   169901   102315    148 |  6.249 % |
|  11362814 |    5731    42767   173046 |   186891   108072    260 |  6.249 % |
|  17044326 |    5731    42767   173046 |   205580   174176     72 |  6.249 % |
|  25566595 |    5731    42767   173046 |   226138   157628     74 |  6.249 % |
===============================================================================
restarts              : 49149
conflicts             : 35207369       (6702 /sec)
decisions             : 160993451      (0.00 % random) (30649 /sec)
propagations          : 7569889384     (1441094 /sec)
conflict literals     : 4210691438     (11.89 % deleted)
Memory used           : 505.00 MB
CPU time              : 5252.88 s

SATISFIABLE
